306

0111010 0., ordino di 32.

0111010 0., monacho di 39. 141.

01000 150. ,

01011011 Nioola 100 101.

0110100111 163.

0105000100 155.

00110 v. Golfo.

0010000190.

Condulmir Jaeomo 30.

Constantinopoli 23. 24. 25. 35. 36.
37. 38. 40. 56. 58. 59. 60. 62.
65. 66. 69. 70. 71. 75. 97. 98.
105. 106. 108. 111. 113. 119.
120. 121. 122. 124. 128. 137.
138. 146.

0011101101 Marino 30.

- Trifon 31.

Cornvita Corado 47.

00110, 00110 82. 88. 95. 126. 129.

Corner general 140.

001011 83. 155.

0010010 46. 74. 87. 91. 109. 139. 140.

001001001 68.

0000000150.

0001010 1. Ρο010100.

00110110, 00101100 di 104. 121. 122.

0010051001 1000 91.

010100 94.

Cremona 82. 94.

0100111011 (1101ος 63.

Oroatia 1. Ηο110110.

001000110111 91.

00010 Andron 30. 31.
Darsa 131.

001600 Baldoino 30.
00000010 ,10001110 30.
Diodoto 151.

011011000 7.

Diversi di 00110011οή0 58.

- di 1101011057.

00110100 151.

00010151.

Dogana 152. Ι

Dolnigno 159. 160. 161.
00111ος110 151.

0011100100 0., ordene de 79. 115.
0010101010. 0001100110 0. 3. 4.
000100 pre' 144.

00110, 00110 Α1111100 102. 108.
- 00010110 42. 43. 44 45.
00111000 0000 79. 80. 81.
00000 30.4

(1100110110 11. 12. 13. 14.
Dravo 23.

0110100169.

00000 135.

0061010000 teritorio 25.
Dubrovnioh 40.

Duchogini d’ Arborio 6. 7.
Duinni 152.

00100084. 87. 151. 159.

11.

01000, Crono, Crono (casato) 16. 17. 01101110 Modo 146.

0100101. 10010100.
Cupitilli 150.
Curam 151.
0010010010 139.

n

0011110605.11.14. 40. 41. 51. 83.
91. 106. 119. 130. 163.

001111οῐ101 9. 70. 145.

001100 122.

00101010 Marco 30.

- Marino 30.

Danubio 23. 60. 65. 66. 107.

0011ςο 157.

Epicurali 152. 154.

Epidaun'ensi 14.

Epidauro, Epitauro 7. 8. 11. 14.
148. 149. 153. 154. 155. 156.
157. 159. 160. 161.

- porto (11 110.

11.

0001100 93.

0011010 Benodotto 30.

- Nioola 30.

fame (1272) 34. (1293) 35. (1503)
90. (1537) 102.

Fano 43.

80100010 152.

 

