0111000 (11 0. Αο10010 279.

- (11 0. Blasio 201. 202. 222. 227.
228. 245. 271. 297.

-dis 01010201.

- (11 0. 0111001110 191.

«- (101 00. 000010 e Damiano 219.

- (110. 1101000100 237. 241.

- (11 0. Francesco 224. 261.

— (110. Georgio 191.

- (11 0. 01010001 (10 Ρο0101110 286.

- (11 0. 11011000 192.

— (110. Laurentio 220.

- di 0. Luca 284.

- Maggiore cattedrale 210. 214.

- Malembrone 219.

- (110. Margarita 195.

- dis. Μο110 196. 208. 258. 270.

- (110. Maria (10 Biscon 281.

- (110. Maria (101 00010110 214. 223.

- (110. Maria di Gratia 213.

- (11 0. Maria Maggiore 212. 249.

- di 0. 1110010 (10 Campo 206. 207.
221. 223.

— (110. Ρ10110 278.

- (11 0. Ρ101101000110110274.

-10100 Ρ10110 0 Paulo 115.

- (101 pp. Predicatori 234.

- (110. Sebastiano 262.

- (101 00. Sergio 000000179196.

- (110. 8101000 193. 194. 195. 201.
212. 228.

- (1011000. Trinita 191.

- 'runi Santi 221. 223.

- di 0. Vito 198. 216

0111010νί011 Giovanni 278.

Chia 172.

01001010 Βο1101010 110. 111. 172

0111011278 219.

Oigala Ugo areiv. 234. 236.

Cipro 192.

ciana 182.

010110111110010 278 279.

01010 Βο11010101000 269. 270.

01000 182.

319

0011000 280.

00110 188. 203. 205. 252. 286.
289. 292. 294. 299.

0010011000 Statano 225.

001100 bano 219.

Condulmier Jacnrno 231

Constantino imp 203. 204, 207.

Constantinus 168. 175.

0001011110 Marino 231.

- Pandnlfo 298.

Oorfo di Oro 184.

001111 273. 276.

0011101Μο100 231.

Corona Ludovico Pietro 238.

001Ρο 182.

0010100 205.

0010010 v. 0010010.

001001001 298.

00000010 182. 256.

0000111206

0000000100 Ginrgi 263.

Costantinopoli 169. 171. 173. 192.
199. 203. 204. 205. 207. 225.
253. 254. 257. 264. 266. 269.

00010000 247.

00110010 01011000 01011. 215. 286.

0011000 240.

0101110278.

0100101οο 182.

01000 182.

0101001 00110 Petro 238.

0100010000 Giorgi 260.

0110101000 arciv. 222.

01000 182. 192 195.

01000 0.,10000010110 di, 281.
010100 188. 195. 199. 204. 213.
262. 265. 266. 272. 294. 301.
01010010176. 178. 179. 199. 202.

-- Alba 116.

Cudieglina Milone 243. 244. 245.

00011111 182.

0010010, 00101010, 0010010 234. 240.
348. 290. 298. 299.

00011010, Ρο0101110 179. 187. 191.
192. 193. 195. 225. 286. 300.

 

