851515100. .

8515 23.

8511555159.

851515 47.

111519.

8553515115ὴὶ 32.

8555 855515 48.

8511155155, 8511555511 51. 83.

8515155151 65. 104.

85115155 15 40. 59.

85155115 1115515 64.

8511551151, 85551151 beg 55. 62. 64.

Sububa 159.

8555151111 160.

855515 91.

8551511. 8511111511 7. 69. 147. 159.
160. 161. 162.

8551511555 58.

S 58. 76. 88. 108. 111.

85151 1151551597. 98. 99.

8551551155 nangiaco 121.

85151511 163.

85155159.

851115 55. 56. 58. 150. 155.

8553515 32.

8151115, Cicilia 23. 26. 75. 79. 85.
96. 97. 106. 128.

- vicere di, 90.

siciliani, ciciliani 23. 76. 90. 96.

Sioua 148.

8· ’51511505 15 50. 51.

8155115160.

8151853115 89.

8155515 3.

81515 state 100. 101.

8151115155.

Shno 71. 100. 101. 144.

8155115160.

8151511511 163.

81511515 23.

81551115 (15551 11. ·

8155551515, 8551555115 57. 58. 61.
62. 63. 151.

85115 60. 65.

8511111555 99. 106. 109. 137.

8515511, 8515515 159.

- Philippo 23.

85135 35. 160.

- 8111555555 0115. 77.

-τ Ρ555115Ι Zugno 56. 57.

- 81511155οᾶ5 Piero 144. 146.

Sorgo Bobali 163.

85515555, 85515555, 8515555, 855-
5515155 1115155 91.

- Vitor 66.

— Vitur Pisano 42.

Spagna, 8553515106. 117150.

- 15 di. 77. 79. 82. 85. 86. 81. 94.

Spagnuoli 37. 38. 85. 87. 89. 90.
91. 92. 93. 98. 102. 144.

8551515, 81515115, 8511149. 51. 53.

8551511151 53.

811515 160.

85115551155151115, 7. 8. 11. 12.

81151599. 107.

8151155 35. 36. 39. 51. 52. 67. 68.
75. 79. 95. 99. 100. 101. 124.
125. 133. 134. 135. 149,

· 8151115 160.

8151555 (15151565) 50.

8151555 Β515, Bello, 15 3. 4. 151.
81515115 8., 51511515 di, 109.
815115 1115515 95.

8115555 11551151 54.

8115555 115115 61. 62. 67. 68.

· 8115555 15 di 5555 5. 6.

- 15 111Β5555 14. 16. 17. 18. 20.
- 15 111Β5555 26. 27. 28.

- 15 &Bonna 35. 36. 39. 40. 149.
811115159.

81515115 dum 21. 22. ’

- prete 16.

81555591.

strasoldo Ρ5515 116.

81155555 160.

81155178.

811551 160.

85115104.

8115515197.

8511551111 64.

8111551191.

 

