310

1101110 42.

1101000011011 1111011111 53.

110100, 111110)ορ10 142. 143. 144.

1101110000 157.

1101000110 65.

11011010 Αο11100 31.

1111001100 156.

1100ῐο 98.

1100100011 156.

1100010100079.

110011001ἰο 156.

1101010100 59.

11010, 00001010 di 1010101111 74.

1101100 157.

1101110, 11011000 (1011111058. 63. 65.
66. 68. 76. 77.

1101110 S. 38.

11001010001101100 30.

110110 155.

11011011 156.

Medici. 11011000 J 00000 Angelo 116.

- Lorenzo 73.

-Ρ10110, Pierino (1111010010 78.

1101110011 beg 99.

1101110011 0010110, 2010110 59. 61.
62. 63. 64. 65. 68 69. 70. 71.

11011001 Ζο1 66.

Meleda 46. 47. 83. 130. 139. 140.

110010 157.

- Marino Domenico 65.

- Marino Savin 75. 76.

— Matteo Grube 46.

- 1110010 Sebastiano 140. 142143.

— Piero 86.

11000100 127. 128.

1100111 42. 94,

110101100 65. 66. 85.

110110, isola di, 133. 139. 144.

Miehleuseevichi 100.

— Gargur 99.

- Stiepan 99.

111ξο10010 156.

ἵ· Mi ailo kalugero 24.
- 111Ιο0011 81. 82.

1111000 47. 82. 8387. 116. 146. 148.
- (11100111 78. 79. 81. 82.

Minori frati, 10000010ήο di, 114.

1110011111 85. 117.

1110111110 101.

1110000ςο0 157.

11100000101 Nicon> 64.

1101100 82. 83. 87.

1101101Ρ1010 30.

11010010 118. 151. 153. 161.

0100010, 1000110 7. 8.

11011110μῶ15ιίΜοοω 47.

Monte santo 23.

Monopuli 75. 76.

1101011022.

1101110101 156.

110100 38. 65. 66.

11011 10. 95.

11011000 155.

1101100101 1000010 31.

- 1060110030. 31.

- Ρο010 31.

1001101110 (901) 20. (1293) 35. (1495)
10. (1103) 92. (1526) 101. (1010)
135.

1101001οά100 101100 88.

11011010 118 119.

1101101 Piero 31. ·

110101 beg Zelebia 54. 56. 58. 59.

110101 10148.

— 101 65.

Murlachi 8. 9. 154.

1101100110 152. 154.

1100101 beg 84. 86.

N

1101οΖ000, Bartolo 110101 di, 100.

1100011, 1100111147. 48. 55. 63. 73.
74. 76. 78. 79. 80. 81. 84. 86.
91. 92. 93. 95. 106. 129. 133.
145. 197.

- 10 di, 85.

-— 110010 di, 106.

Napulitani 80.

Naredbenizi 5. 8. 9.

11010010, 11010010, 11010010, 8. 45.
70. 71. 100. 102. 103. 104.105.
118. 162. 163.

 

