320 -

0.

Dabro 182.

Dagaro 182.

Dalmatia 167. 168. 17l. 172. 173.
174. 175. 176. 177. 186. 187.
191. 231. 233. 298. 301.

Dalmatini 181. 222. 265.

Damasus 168.

Damiano 1616 217. 220. 221.

1)66101οΑ6111”6 231. 232.

- 01066229.

- Marco 331.

Danubio 175. 176. 203.

Darsca 182.

- Marino 223.

Dioclea 202. 214.

12101610 183.

Dolfin Baldovino 232.

-· 0106666 230.

0066366183.

Dominioo 61011. 212. 213.

Dominis 1011666247.

Domitffla s. 173, 174.

Doria Gio. Andria 288. 289. 290.

D'osso d'oro Jacomo 231.

dragone 168. 188. 189. 190. 191.

01616 203.

Drina 172.

· Drivasto, Dn'vasti 178. 214.

Dubrovnik 173. 174. 187.
Ducagino 177. 178. 179.
Duinzi 183.

0616601111 253.

Dulzigm, Dolzigno 185. 186. 214.

282.

11616160 182. 185. 214. 229. 240.

281.
, Β.
Egeo 169.

· 6916111.

“ 11610616161101061616180. 183.

1611661106 lingua 174.

Epidaurini 168. 171. 172173. 175.

187. 131.

Epidauro 168. 166111. 173. 174.
179. 181182183. 181. 166.

186. 187. 188. 191. 193. 216.
243. 250. 259.
11610110 188. 192.

1.

1611610 Benedetto 223. 232.

- 1110015 226. 232.

161116 183.

16616 (1292) 223. (1539) 293.

16110 248.

Faventinus 168. 175.

1611166610 16 1111611011 260. 261.

- 16 di Ungaria 283. 285. 293.

Fermo 182. 188.

Ferramolino 290. 291.

1611611 182. 183. 185. 267.

161161661 267.

1101661161 269. 299.

11016616 247.

Fornari 1110010 298.

fortuna (1521) 277. (1550) 300.

1060611 106666 232.

1166116600 S.. convento 11, 224. 225.
244. 251. 267. 277.

11660661 171. 236. 277.

Francia. 116616 171. 183. 186.
188. 239. 247. 273. 275. 277.
284. 299.

Frontinus noochiero 208.

1111610116 183.

0661166 1161116 264.
060616 183.

06 060 199.
0611010 183.
06116011 185.
0610160 183.
061666 183.
06116016 234. 235. ·

0661111 Marino 231. ,

06601116 6. 208.

0660610 6. 208.

066016 237.

0660106610 205.

06601661 229. 280. 236. 237. 254.
0666111100 171.

0616110 61011. 213. 214.

 

